M;false;2024-08-10;00:32:25
E;B;2;1;1;3;9;2
P;1;1;1;4;6;8;11000;44000;12375;232
P;2;2;2;2;3;11;11000;44000;12375;232
P;3;3;3;11;5;3;11000;44000;12375;232
P;4;4;4;10;6;8;11000;44000;12375;232
P;5;5;5;0;2;15;11000;44000;12375;20
E;R;4;2;1;3;11;1
P;6;1;1;4;6;8;11000;44000;12375;232
P;7;2;2;4;6;8;11000;44000;12375;232
P;8;3;3;4;6;8;11000;44000;12375;232
P;9;4;4;4;6;8;11000;44000;12375;232
P;10;5;5;4;6;8;11000;44000;12375;15
M;true;2024-08-11;00:32:25
E;B;2;1;1;3;9;2
P;3;1;1;4;6;8;11000;44000;12375;232
P;1;2;2;4;6;8;11000;44000;12375;232
P;2;3;3;4;6;8;11000;44000;12375;232
P;10;4;4;4;6;8;11000;44000;12375;232
P;4;5;5;4;6;8;11000;44000;12375;40
E;R;4;2;1;3;11;1
P;9;1;1;4;6;8;11000;44000;12375;232
P;6;2;2;4;6;8;11000;44000;12375;232
P;5;3;3;4;6;8;11000;44000;12375;232
P;8;4;4;4;6;8;11000;44000;12375;232
P;7;5;5;4;6;8;11000;44000;12375;26
